743888081
743886054
741452251
744069432
743955099
745723748
74616453X
770464904
746141319
745602681
745596290
745432395
745183891
745157580
744899338
742717089
74244239X
741707314
741451174
741140233
770855431
746148534
746039492
746022158
745999409
745595944
745595472
745594883
74559056X
745141803
745118615
745117406
744748682
744087694
744071518
744070821
743882660
74388017X
742570010
742069184
741709619
741705656
741224704
770854133
770850928
745852416
745725198
745615910
745604862
745604749
745601456
745593933
745443915
745231470
74518166X
745135935
745127436
745124577
745123597
744086949
743967801
743947525
743946618
743889533
743858506
742561984
742443159
742094227
742067726
741371243
741358581
741302233
741298562
75668742X
745847862
745603165
745451047
745280099
745279384
74526705X
745213979
745213553
745123694
745114644
744085411
744077451
744070864
743884388
743680022
742705633
742428451
742422704
742256278
741355760
741341336
741299925
746059221
745865518
745846971
745732917
745731295
745262686
745180493
745115985
744905877
744903149
744747376
744088194
743960939
743881400
741661160
770852165
746242123
74572633X
745599613
745258476
745242189
745241239
745240666
745239293
745238750
745238335
745237185
744076544
743857429
743703855
743680650
743676130
742279405
742272494
742251314
741715503
741711567
741671417
746240198
745602835
745601928
745593208
745190871
745122019
74395971X
743875605
743869915
742714241
742567885
742565394
741297272
745184790
742553841
746000456
745212913
745157084
745127495
744084903
744058287
743881281
743873076
743867688
742703983
742280640
742274357
742269728
742258971
741713462
741194392
746045352
745996582
745599478
745126405
743875419
743868307
74603122X
745849334
745600476
745593526
745466532
745445284
744062802
744062063
743673476
771288638
771286643
77128442X
74560434X
745594204
745431550
744074894
744074193
744056527
743976339
743975073
743973380
742276988
74122867X
770851347
744083605
744082560
742297330
742265854
740825488
770576176
770371949
769904386
745730221
74545402X
745453376
74528115X
745277063
745158323
745136990
745134661
744084148
744081750
744070074
743865138
743690915
741353377
741301490
745605931
745599966
745588514
74513159X
74408606X
744084539
742707784
742424677
741281317
741230674
745114075
74396568X
745827632
745729193
745605753
74528129X
74396473X
743881737
742559629
741642123
770274595
746058071
745129129
742441571
742267695
770280080
746279523
746155085
745215734
745130259
745122507
742418863
746043104
746036817
74599864X
745605370
745599184
745273645
74518961X
74474637X
744076234
744075033
744053595
74368723X
743686411
743639324
745997465
745281222
745144403
744073804
742423999
741357461
745437567
745122868
743877314
743677439
743643984
743638301
742720551
745233236
745143385
745122655
742556115
742551601
74242667X
741714515
741639092
741503263
746238983
746161743
746160828
745185738
745182844
744049997
743864425
74253507X
741295784
741222795
742584038
741362864
749505958
746053894
745629482
74543875X
743878809
742450368
742424898
770185266
746210493
745998186
745819265
74581848X
74562586X
745605478
745165591
745139965
745136559
74387983X
743858859
74242961X
742403793
768241936
745457827
745133452
742391566
740828290
770272266
770198201
769117392
746203314
746035535
745864503
745591698
745228356
744751209
743969359
742493695
742072193
74137398X
74111464X
741112043
770197698
746235119
745846017
745829740
745728480
745219993
745121608
743869109
743866657
742433161
770196632
769121217
769120490
746034628
745606369
745459102
745188206
74511976X
74256570X
741220075
770196233
74585964X
745826962
745825478
745234216
745171761
745116574
743642880
742563820
741277425
740909118
746141734
745442625
745161839
744082358
743862635
742445941
770184197
746196067
745280935
745272312
74513548X
745124623
74407780X
743958799
743882032
742584763
741712687
741360802
741294397
769122639
746636121
746056303
745867944
745140521
74512478X
744074843
744073723
744045967
743863518
742720810
742528359
746028377
745435734
745137865
744086582
744071119
744070201
744068800
743675703
742707105
742544176
742543633
741105748
770849091
74619515X
745115373
744055091
743962850
743948327
74270906X
742553876
770447066
746175000
745866522
745627307
745446493
745432069
743858840
743689674
742491862
742382451
741291576
74128393X
741141574
740909703
746172389
746034024
745436269
745237118
742421767
741279150
746627637
746241194
746033028
746032498
745861873
745186688
745139280
745133282
745131948
74397011X
743860241
742061604
770456723
745727425
745122426
744892481
743704401
743640594
742433056
742430650
746212909
745597742
744891477
744749980
742572021
742560392
74249277X
742447162
741286416
770449964
767035143
745137695
743980093
770457983
770156088
767229711
745600301
74489056X
744851939
744755018
744754178
744753252
744752388
744053714
744047501
741708388
770334636
745865461
743953649
741711419
740864807
740864394
770495117
770469434
745278302
745236499
745229956
74388289X
770451780
745589456
742250377
74082984X
767481801
745142591
74364154X
743635604
742717615
741276127
77059865X
770597203
770363806
749903856
749900172
745866867
745863191
745844510
745271243
745232752
742710181
741104482
74602598X
745597041
745590918
745125581
767870190
76748018X
746054882
745121772
74396683X
742718883
74271120X
742562468
771561814
770493564
769115691
744060109
743878957
743871510
743869559
743868145
743630491
742562549
742090434
742088790
770492967
770371299
769111769
769085091
74623791X
745242898
743865790
742498557
74249716X
74244614X
742086356
781817161
781813794
781610877
771615655
771543808
771542097
771054270
77105226X
770963641
770572731
770561829
770552722
770079113
769910424
769901565
769745482
769113605
769091229
767214722
767123328
756689090
756505143
751312576
751311987
749919507
749918349
749885904
746350252
781914949
771049552
770952127
77047196X
770469124
770467083
770455565
770087523
757127320
75640987X
771014600
770494404
746882726
782000746
771241984
77034819X
766725790
757120954
756453623
771307942
77029345X
769114202
769082831
769050549
768530156
767228685
767228383
767227921
766842622
749885149
781540208
770601154
770468993
770201407
769050999
767131002
76673319X
756691540
751309451
751011193
749925868
749898577
749886110
81792714X
781816092
781814782
770511236
770468217
770291554
770080200
769086349
767043464
766732835
766435555
757644252
757644015
750043059
749888067
749886366
746859198
746858078
746688547
771057520
770967787
770919987
770545920
768209382
768208866
767479823
767128508
767128249
767127765
767127188
767126424
766434532
756563860
751184136
750058099
749886765
746350937
771015666
771014775
771013175
771005121
770454720
770149146
769080901
767132297
756453194
756443156
756442680
750737867
781829666
770469868
769906591
769377319
766734536
757122353
756347904
781828694
781544548
781543223
780594185
770948545
770507050
770455190
770079598
769889549
769045324
767479157
767435338
766737594
766737365
757124372
756441307
749898801
749791764
746583060
770970222
770133061
769122159
769121500
769048684
769044972
766687295
781827620
781531284
770577199
76988444X
767124820
76633886X
76628042X
749904984
770956084
770951074
767038800
766618595
756599466
746579926
77129042X
770954898
770544304
770190715
75711671X
756647819
756434564
756402972
74993512X
749770333
746285191
781821916
771020155
770603122
770543545
770199011
767810961
766739570
766236137
750057807
749928409
749890452
770849830
770799906
770796567
770371140
770192904
770167225
769079733
769079024
766566676
766156990
757125913
756807328
749933666
749890991
749889063
746689802
770542735
770964516
770461816
770199925
770140203
767868803
767436563
767134230
766623033
781542049
770801293
770503683
770095445
77009337X
767869516
767433092
766565998
781904714
781284406
770969143
770965547
77094681X
770910009
77090940X
770463371
770297501
76998522X
769384293
769383483
768672635
767822617
767435958
767434544
767120442
766852091
766842045
766562786
76644886X
766428656
757406432
75740569X
757124860
751258466
751013498
749915013
749789301
74973244X
771332726
771192134
77049580X
77020127X
76951362X
768670977
768583829
767868072
767040236
766850471
749728752
746267185
771003544
770952860
770803008
770204333
770203361
770186424
767822153
767130197
749884703
746686897
770296882
769911064
769899838
76826264X
767821815
766851575
746330995
771017669
77101631X
77096351X
770281753
770202640
770073786
768526736
766741591
766629708
766629139
751895334
751157759
750195762
746273843
781358817
770994830
770803997
770567827
770555926
76907619X
768672880
768672325
768528240
767821319
767066812
766622002
766621650
766619389
756349524
749932341
781535204
78153304X
770883192
769073611
768671787
768671531
768670632
768668794
768667984
768665132
768525675
768157846
76781813X
766437353
75101530X
746888856
746330340
770907679
770882501
770804799
770506399
770497519
770158676
770147801
769090311
769003206
768256461
76791824X
766178595
751302775
750695226
750691107
781809592
771018428
77101659X
770505074
770501923
769983766
767912470
767911946
767036271
756447690
750739150
749885475
781806976
781805856
781362857
781345545
781344018
781342198
781339987
781338042
781337607
781337054
781292131
781290953
781289785
77028230X
75141736X
751416673
751415723
751391921
746886411
746885172
746270429
1022182412
781804930
781286204
781283116
771044917
771042833
771039042
770964346
770797881
770793541
770554806
770508545
770154565
770153879
770152775
770151620
770151019
770097715
769071422
768671299
768670306
768670004
766628035
766622541
766178234
757418392
756632560
756507464
756507022
756506727
756506506
756505631
756458285
756457157
751511145
751257885
750209321
749768738
746946619
746672179
781803861
78160947X
781607434
770804586
770493955
770101402
769906907
769088996
769087779
78160673X
77106070X
771059760
771005962
770153062
770100732
756355397
781643902
781642620
781550246
771067801
770996337
770913555
770805167
770551203
770076645
769986625
769508758
769384986
769363601
766568067
766177734
756435706
750596007
749785608
746881037
746577885
746576080
781549590
771013434
771011784
771011113
770949835
77054875X
770474594
769362982
769002528
768997828
756720702
756719178
781641314
78163752X
771066953
770858392
770856837
770807194
769362419
76912254X
768258936
766848272
756349915
751258229
746573162
1022181858
823935922
781636353
781635403
781548845
77123578X
771235461
771234694
771195893
770574688
77057372X
770294367
770179568
77017910X
770099491
76950583X
769505155
767131835
766177033
756690080
781634156
781547946
770946429
769503497
769496156
769379753
76853755X
76853660X
746289545
823935841
803802846
78154727X
770912710
770912419
770470726
769502415
769496970
76904946X
767922484
767132890
767042255
766176479
750621060
749730366
746287186
1022181149
781632498
78162813X
78162584X
781546257
781545447
771190778
770944965
770473105
770160107
769907067
767067762
766175650
751413364
751412910
751412678
749921935
746345666
823935612
770944108
770856152
770593127
770375456
77037445X
77037378X
770372821
770166008
77016580X
770165508
770164935
770164560
770163610
76990324X
76853979X
76824319X
76673188X
766687767
766624013
76657170X
756631513
75152235X
749775750
746691246
746634722
746335768
74627159X
781365732
770923305
770561578
770331610
769376452
768539226
767437187
76722308X
767041380
757444229
751347027
746332548
771017065
768213169
768211999
76722647X
766617262
766174611
757231551
751303755
750063696
746347235
746346301
781280869
77088976X
770490190
77018927X
770148336
770137474
756734274
1022180509
770492207
77044539X
76998214X
766849139
76617428X
757643140
756641462
750203439
749923067
746870108
746669232
746659040
746348479
823937577
770199410
770098665
769072607
766720330
766173720
75061322X
746349025
766339858
766339440
766339068
766338177
749916613
74660646X
746268491
1022180045
781355532
769898262
766173453
749939524
746604998
1011283662
1009229133
781276853
780412397
770593984
770171656
769888623
76988752X
766173054
750037903
746829752
746827237
74682582X
746824386
746819323
74681402X
746812981
1009229656
823963306
781352045
773135367
770146651
770088910
769510280
769036775
769035515
766733769
766436802
751512273
746602642
1022179330
781538521
771052766
771001703
770158102
770157742
770154557
770138527
769382053
768997224
766740692
766446980
766446433
766348008
766172376
756724635
756723795
756343054
751181080
751169226
751158887
751158488
781620961
78161967X
770591795
770591523
768157366
767129490
767129156
766171922
751116203
749883723
746629842
746628730
746627653
1009233874
823937798
781274397
770922015
770565247
770198740
767437721
766433625
751524255
751183733
751115657
750211938
750211571
749884371
100923353X
1009233211
770372163
770371612
766171043
757417825
756402417
100923143X
823961230
781618711
781266564
771330588
770200885
770197566
769886752
768155045
766170500
756629322
751115118
751103144
746286252
1009226045
781903688
781893941
781891868
781265150
771062885
771061765
771060718
771059426
771057709
770969631
770906710
770845363
770842259
770592341
770466370
770278922
769902278
768154669
767867181
767865529
767860926
766239713
766169456
756401305
751098442
75101611X
746626924
1009225197
825948096
823937410
781889022
781878357
781867428
781859158
781858623
781858305
781850630
781821436
780331745
770947891
770201792
770196195
769909639
769892507
766169219
756639891
756450985
756358094
751114723
750202866
746626002
746581823
781820944
781820251
781261058
770992013
770884911
770884296
770200877
769908616
769046053
768626765
767857755
76784744X
766351297
766349438
76623858X
757443834
756555914
756360528
751516716
75130087X
751113085
749734396
746625146
1022178725
822173018
822172267
781887542
781819636
780553918
780330404
770976719
770975089
770973779
770968759
770888844
77056321X
770509363
769891128
769119182
768629594
768629136
768554136
768553075
768552311
76855103X
768253020
767121260
766235467
757118534
756606640
751111716
751007951
1009232363
1009227866
822171236
781361575
780592530
771332882
771000065
770999298
770972586
770920543
770716504
770512925
770512070
770139299
770075819
770075118
766168840
751402257
751401528
751397202
751396427
751110981
751007447
750595108
749937866
1012241807
1009234498
823961885
823196488
822170183
812334108
810780038
809020807
781360587
78032918X
771065396
770971660
770919952
766444015
766443612
766167682
757233473
751108979
746331517
1016529236
1010926535
823261484
82208029X
780591976
780572777
77128831X
770489818
770157491
769046967
766166449
766165191
749790733
1022177362
1012241661
1010842528
823961028
805145044
780576721
780327004
770912591
770368247
768151384
768151015
768150477
768148014
766230082
766164829
766161358
751107697
751105538
751100404
749731222
805607706
780591399
77091117X
769511554
767927788
767925351
750734655
746811322
1022176641
82219063X
821971638
809018411
805610731
801003954
780590937
780555244
771071671
770892655
770891454
770182984
770077854
751515108
1022176099
809018187
780590341
780425782
770149839
768154189
768153476
766738787
766738523
766682218
1010837710
823961540
822190532
780589653
780556798
780552229
780424336
769910491
75171545X
746810806
746633580
1013689836
1012241505
1012241386
82683258X
825937841
821967223
780579011
780578147
773126708
771249217
770839339
770156606
769898882
769515339
746276206
1019839619
1012241254
780576128
770077129
769885438
768153115
766725251
823054608
771247435
76990601X
768261651
746631480
1022174185
1013751566
1013751353
822084511
812324854
804987556
780575032
780539222
771245904
771019181
770443869
770336302
1013751302
1013751108
780538315
771240600
770442501
768989388
757647952
756715709
780537629
771232837
770902162
766719286
751261254
803798660
803539444
78053509X
780422309
771048289
770916147
770901344
768261856
767231392
766692183
757225179
751529990
780533607
780418794
770900437
770897835
769984576
76853478X
756408881
756408202
751529257
770962777
770896707
767135407
757639437
757638910
757638120
751528587
82240737X
822018594
819412740
780453069
76975158X
767922867
750717688
780550447
78042882X
770173209
768985315
746591667
823055957
810644800
810644711
807078077
780549341
770277438
770172431
770145434
770144128
768216168
757224881
750715650
823053628
766279359
746887663
1012216098
803783248
803524374
780595025
770913504
770090877
768996163
768994799
746848455
780547977
746838662
769109217
751257656
746837461
769094759
801008034
770966454
769093078
688060129
768625661
768625386
746272758
1016519702
1016518080
101651767X
1016516983
823048470
819571504
770569285
770369480
768622972
768547296
768545951
768545188
768541816
746652976
770571735
757647154
770570291
819571350
766281582
823352676
76643222X
766431576
766430758
757230822
757230555
756671329
82581698X
825816718
821973746
770370691
770184375
769900739
756730546
756728703
757443001
805594957
768617901
689617879
770444709
689617615
769093051
768260094
800474619
756796784
756794854
756677033
824414888
756789591
101091278X
1010911848
769043828
1010911457
101268122X
767825837
767825357
756787785
669835250
810625342
810624702
767825152
756787289
770567940
767921496
756784506
751738220
751533432
756683238
811154831
756682533
751898899
751746126
751735329
751532703
751744042
751538957
747425876
747424640
747422672
780444280
805590390
804980780
770500412
746651848
770159389
82202893X
767811836
769905080
76821422X
767924703
769903770
769893562
767850289
767854896